10.00 	20.00 	30.00 	40.00 	50.00 	60.00 	70.00 	80.00 	90.00 	
10.00 	20.00 	30.00 	40.00 	50.00 	60.00 	70.00 	80.00 	90.00 	
1
1
0.99
0.98
0.95
0.88
0.72
0.36
0
1
1
0.99
0.98
0.95
0.88
0.72
0.36
0
0.99
0.99
0.9801
0.9702
0.9405
0.8712
0.7128
0.3564
0
0.98
0.98
0.9702
0.9604
0.931
0.8624
0.7056
0.3528
0
0.95
0.95
0.9405
0.931
0.9025
0.836
0.684
0.342
0
0.88
0.88
0.8712
0.8624
0.836
0.7744
0.6336
0.3168
0
0.72
0.72
0.7128
0.7056
0.684
0.6336
0.5184
0.2592
0
0.36
0.36
0.3564
0.3528
0.342
0.3168
0.2592
0.1296
0
0
0
0
0
0
0
0
0
0
